100
median 3 2.32 1.55 3.17
mean 2 5 7
median 17 4.1008081149 2.0771484131 3.3271705596 9.6775590942 0.0611718227 9.6370479702 9.3986538878 9.4719491766 9.3708214890 3.9717434218 3.4751802920 2.9405703200 5.0648362733 1.1596708803 7.7053588008 6.5989270869 1.5674689057
mean 1 1.3976268290
median 1 8.0522777147
mean 5 5.2313515579 7.4398448624 1.4202270322 4.8172830158 5.4455480889
median 19 2.0491354576 6.2336381063 1.8470709028 0.1068441098 1.6104332337 1.7805484664 5.4039706478 9.7383400992 2.4542655358 3.9452090629 2.1760212491 4.3200687989 2.3315579475 8.8990875166 0.3832689332 5.9237924386 6.5517360313 1.1983904230 6.5247670690
median 3 2.0673750736 3.7464950029 4.6334978757
mean 9 4.4321245032 5.0413556670 9.9898081477 6.3040486392 9.0958403559 5.0765991607 4.9145120556 4.2878417875 3.0809291521
median 13 9.6241459273 2.0949273346 1.7264882091 5.4895251693 5.5546838209 5.8781582890 7.8919065784 6.9900662243 2.0463555221 2.5490945130 7.7791635952 2.2502238601 9.8310318483
median 15 8.3631494776 1.6310352739 6.3749742986 0.0876041732 6.3118988831 2.0797797904 8.8035728491 7.0704422605 7.2337164622 5.0949291967 9.8710213810 1.5324623282 7.1057477515 8.2398087545 1.2367122850
median 15 4.8186235526 0.9975028133 6.1714588986 0.2812037295 5.9143910595 0.7302602021 0.7404792727 6.7993542019 2.8000161578 6.0398368768 8.4964080701 3.5382328277 5.9863248827 2.9209341136 8.7644265332
median 7 4.2323272887 3.7580820874 2.7129332517 7.2982392894 8.8674442237 0.4370269830 4.5770018307
median 1 9.0192395574
mean 17 7.6382048817 4.2770008142 9.9918343079 0.6190180228 5.8632063199 5.6729307090 6.6202596131 9.0728119012 2.4648563130 2.4848876709 7.0685833475 3.3772092726 6.0733507896 3.1542278646 0.2447212984 4.5100850262 3.6913431550
mean 3 1.7724271181 6.7612315453 7.1557248499
median 7 9.2910261043 5.8989352947 6.4401228738 1.1048985342 7.7460410946 3.0648278811 8.8059866979
median 19 9.2889371332 1.9668940091 7.5464624526 1.5763061381 0.4217868395 3.7862287536 7.8660924578 7.1275216777 1.1027361151 7.6213306974 0.3006883588 3.1663147897 6.6707335320 4.2644304741 4.0055716131 7.4376154761 3.6530573778 7.6375489907 3.2266919105
median 5 4.7867587221 1.3116881312 0.3179647699 4.4445661110 6.9152121168
median 5 7.7795027238 2.8810071605 7.8135473363 9.6625395068 9.9652345151
mean 7 4.4518126173 1.3022192801 2.3447408751 6.5608243899 5.7222959251 5.5596663111 2.5029625559
median 15 7.2375120843 7.7699096568 2.4227614276 1.7570195450 4.4479400596 8.2969122335 6.0191463606 6.3794689605 3.0336714476 0.6539702113 9.3803050123 2.6641670733 2.2917135837 3.0397643756 3.7194051349
median 9 8.0707636552 3.8872927575 2.6524646103 0.3237285340 6.6978526348 0.7436137630 6.0914108143 1.7866235941 0.2963321140
median 9 2.7777827471 1.1578844278 6.9122593250 3.4901072391 2.2813550226 1.6759999600 5.9463113299 8.0988982898 5.1492914085
mean 15 0.5309346426 6.0619020420 6.8152646216 5.8374331721 3.6975249930 9.4599203098 6.8643058328 2.2457387021 4.4459943474 7.0761354425 0.2979771768 6.5889362396 3.1591751472 8.1577024145 1.5557863513
mean 17 3.1970816689 5.4969252879 5.2225924650 3.1531501628 6.9611288225 0.9487740516 9.5880805502 1.2967758890 0.2359861812 0.8472082428 0.5232078456 4.6995359950 8.1968238920 9.6909724728 3.4998568701 2.7288644093 0.1122852752
median 13 1.0037536979 8.1894240320 7.4785980727 3.7986308674 1.0770436319 7.6603276924 2.0878161845 9.4510209019 0.2757389059 7.4692317705 6.3632588834 9.3853861237 0.9385852731
median 19 8.1877961023 2.1480993478 8.3377210286 2.5571629146 6.4057048109 7.1649228273 8.0178288163 4.6138270895 1.1963981246 5.1058332712 7.4293121050 0.5687004881 5.5984109542 3.6799637323 8.8223519822 8.7997720688 0.6045988413 0.7176552425 2.2925325723
mean 9 6.4545911109 2.9298199620 8.8550467861 5.4434357742 7.0181092599 1.8305119791 3.4733275990 0.3979437609 2.4928496502
median 11 7.0792710009 4.6609155414 8.0331994449 0.8208400645 4.7960557035 9.6118184781 2.3811349129 4.5318819203 4.8108778223 0.6574838541 1.0882339963
median 17 8.6437643315 7.9891815225 3.4978060673 1.2996863322 8.9199396231 4.3196483202 1.2987253974 6.6961593914 5.1770638294 5.5439760346 9.1676286637 3.8035208288 1.7249759057 1.3327217273 4.7837213864 8.7528997360 4.1244129214
median 7 6.3305068663 1.6103499100 2.4624984366 8.5192181626 0.4913385234 8.8982586802 0.2766263063
median 15 2.9007696188 0.8162779597 7.7146865768 3.5933864475 6.0312525202 3.6711210468 6.3184206890 8.8446535686 6.5748204342 6.4327661855 0.6780052697 6.0271950105 5.5219599607 5.3053084407 9.1298081459
median 17 9.3449630740 1.7339107070 1.6555765415 9.2230778844 9.9606228017 7.3650035871 8.1901503834 5.8198293266 4.4772178002 4.1350888270 4.6561210711 6.6887563228 3.1233079700 8.8842018596 7.2176867392 7.2143482519 5.2109384512
median 15 7.4822759924 7.4094490755 8.5034353099 5.3305045381 2.6773494080 7.4643553873 6.9380437611 0.6594689100 5.1911086899 8.1127817194 5.2962468665 7.2135647982 5.2896761363 6.2898486525 7.1196766738
mean 17 9.3096329729 2.6217089052 3.9371075549 9.6584992573 3.1736342390 4.9133745739 9.6981014202 6.7696754379 7.6881438873 0.9907626719 4.2014519164 8.7645791350 7.7561680451 5.0049321698 3.2616523346 0.0705024322 2.3741816496
mean 1 1.3741899144
mean 1 6.0812839997
mean 9 4.7205490212 0.8065270264 5.3899386519 8.0485232948 8.4963820777 0.9396175877 5.6514823225 9.4706795988 2.7513855132
mean 1 4.7959208401
median 1 5.1969976140
median 11 0.4343504207 2.7912365502 7.7681101963 1.9511367641 5.9236770448 1.6307545436 6.1175688548 4.8686915814 9.1671313536 4.7167348112 7.6773079392
median 3 5.1604073417 1.4755445216 4.4375533463
mean 17 9.5920765084 0.6466929719 1.1755950192 8.9959692802 6.1682645414 4.9183595130 8.5082162759 1.9637117895 4.7553976494 5.7231063782 2.8469419348 0.6195219555 0.9211602615 4.2646452943 2.1028453695 8.3986189590 0.0026304068
median 17 6.8177349187 9.6237100936 0.4418884108 1.7786127395 1.2911132581 7.2305600807 1.8032213088 3.3347775544 8.2273898273 1.9606644969 2.6223782104 0.6584743520 3.4453949038 7.5928647751 2.0371505024 4.5038307116 4.2723294412
median 11 7.0098908486 0.2481316457 6.3868585864 4.3389759275 3.8764033804 0.0591317016 9.0811382289 0.7852867854 8.9419692858 5.6806251517 8.1791379652
median 9 7.8941033366 7.7997126818 9.1787061275 6.0376701237 7.9129565740 4.6486593074 0.5773993229 7.4502530282 9.5341186426
mean 1 8.7971735304
median 3 7.5548936209 6.4975146731 1.6406191781
median 13 1.5739542520 0.7493579425 6.7914920905 2.2595680687 7.1156096042 1.3356614490 5.5148795947 4.8027502415 7.7137433894 3.1516548887 9.4174098783 8.6247594990 6.8168170835
median 3 9.8954983869 0.2842576639 5.9241499521
median 11 5.7296984093 5.0481580777 1.9750249398 3.0797350587 4.1758041539 9.0552145229 2.6859938263 3.3827829399 4.8584298561 0.0805007149 3.2680802229
median 9 3.7903692468 3.5038748473 1.7544140931 2.4540068286 6.9211180113 3.4937134818 3.0301530037 7.0808292958 8.7605136560
median 7 3.5803781305 1.2270489982 1.8285377977 3.7873679236 9.9579765795 6.1928625034 6.9498907612
mean 7 4.0223549373 0.4462082407 2.7420333914 1.9140089221 7.1111539254 1.6152792093 5.0379709862
mean 1 3.4809601647
mean 1 3.4401262521
mean 5 0.5893456451 6.3984767942 2.7192306506 8.3368231135 0.0893867850
mean 15 1.3522403521 2.6878773097 8.7691477068 6.3156518979 8.1358628803 2.5342180753 3.0924367067 8.4577402316 0.5173525471 9.0034795605 4.4834775704 7.9217775239 5.0518219659 1.2691147218 5.0469613806
median 3 1.2253818784 9.5965799624 5.0262742348
mean 13 4.7760116988 9.8355670230 3.9765264802 2.1376705597 5.5991314850 6.1469173022 7.3653307364 1.1746067570 8.3424325753 0.5985558055 9.1131139919 4.0463400634 0.8745944580
median 5 8.4460673861 8.6343605127 6.9551002611 8.6996036761 6.3586712123
mean 3 4.6374367948 0.7582310282 2.9690607727
median 19 1.2055455130 6.6961035454 2.0993218480 0.0075767958 8.7734684103 7.5585790282 3.5241403206 5.6769824146 2.0707104090 3.9546786810 6.5050507277 1.6262220373 1.3909179730 8.6617015764 0.4638634843 1.9454196703 9.1990530944 9.1188800390 9.9476739707
mean 5 8.4723194679 0.3682404500 1.3991851647 7.7234793361 4.4926720965
median 7 8.6699088762 8.6604496487 9.5138282642 2.4653551586 2.7001298218 3.4581713460 1.4932642773
median 15 8.3383538139 6.0645381086 3.9097734740 3.0628925477 7.8842831379 2.5337098414 3.5797271040 7.5691557894 6.6131929021 7.8656284148 7.3402650497 1.5624887930 0.2759120759 7.8278044026 6.4852213199
mean 1 8.3674355299
mean 5 9.9196626298 4.3299192366 9.8185280272 7.1919036349 3.1415022350
median 1 9.6885054349
median 1 0.3637234632
mean 11 6.4237047995 8.0506972197 1.3583335590 8.4472211774 9.2949909579 1.9990759395 2.9332366457 4.9714132114 4.7389633820 3.8161971854 7.3457992236
median 3 8.5013682815 2.1498020266 6.4119619666
median 5 7.7175371020 7.3117045818 0.5873198885 6.4465840029 3.3635108357
median 17 6.8766823136 4.8002322046 8.8728293319 8.9009774685 8.0711935282 4.0005296527 5.1377986923 4.4782109102 8.5171807060 0.5776033418 5.6003760955 9.5179109478 8.3884652285 6.9397826163 7.6866373295 6.8801332621 9.2639600690
mean 9 8.4501250622 1.2920426937 8.7049467072 4.2165313405 2.9631999613 6.6728099052 0.4815116788 8.9779587897 3.7318457360
mean 5 0.1151895707 4.5646156447 8.2082088496 1.4294436994 2.4849500173
median 13 9.3364815083 3.7945720451 9.3862325981 3.5820938024 0.9915613709 0.6640859953 0.1378228734 2.0176287913 6.1562559227 8.1376090814 7.5989295224 2.8725250201 0.7316196122
mean 19 5.2889115228 1.7366508481 9.9863477708 3.4139103202 8.6946738001 7.0652815173 7.8249732154 5.6714511537 5.3058328787 8.2710808925 1.2909446085 6.6395643399 3.4353312357 7.0351998320 4.0194882080 1.3300543205 9.4632552418 6.4581591576 2.7164896863
median 9 6.7841924074 0.1418874181 0.1634537028 6.8912928412 7.4435405091 7.3274853417 6.7349329989 6.2608381214 9.2157582192
mean 19 9.9636416618 0.0762195870 6.7076273777 1.5016398249 8.2998004802 4.8996090318 4.9621722380 7.2637569563 0.8850876577 9.0678349525 7.9939640055 3.8547401164 9.8978927199 7.1743864748 2.7041091939 2.7571508195 5.8254102882 4.5693929673 0.7033071249
mean 15 8.8794250650 4.8039132064 6.7139347174 2.0849220065 1.6964776970 9.9468127103 2.4271955493 9.6713102809 9.4494251794 2.2669721390 8.9589491926 6.7298529837 3.5462359510 5.9005100988 9.3779155897
mean 7 4.2031947813 8.8121693196 5.1725252139 4.4455494564 5.3535100387 8.6119593482 6.9777660984
median 19 2.5886542400 0.6026044086 0.4009545773 1.6020685679 1.1285923114 2.8103011855 2.3654384964 8.3535590217 6.1783772751 0.6907412890 2.0338143712 9.1137017245 2.4524292081 3.7043049534 3.0773238966 0.6848059820 3.1341316800 7.0187916242 0.8256680223
median 5 1.0872178834 4.2249996744 8.6615596250 6.3261907863 6.7467369661
mean 19 2.9169098917 1.2849082369 7.7912285678 6.5242887379 4.4826256884 6.0274145255 5.4340528367 2.8556060671 8.3615684584 7.9006682853 0.9706609295 9.1748569469 9.4743086300 2.4253376712 4.0799084177 8.4644094863 4.1698816777 3.8395522591 1.3013512356
mean 15 2.0988389264 1.1490683030 9.0967877212 2.8175610317 2.3734520258 9.4509926324 0.9531382070 9.0954759125 1.2700200381 0.9564242197 2.0950825328 7.8765803791 6.1208001068 1.3580674951 8.5497048897
median 13 1.4981583222 4.9720780890 9.5417232087 2.9683019413 9.3111250072 6.4291064284 3.4967049566 7.5119519579 4.0146060314 7.5977010898 8.2910050550 4.4325966202 7.7740852795
median 9 5.8109878553 6.1086973756 8.1337338374 4.1644142789 9.3704171239 4.8581074066 2.5034123906 2.9251676546 0.0837369560
mean 5 9.6101396632 2.8978645499 4.9042883433 4.6013086997 7.9521704448
median 1 4.7103284823
median 5 5.2489113789 1.2662324045 5.5580656374 0.7842047744 0.8974742379
mean 3 0.0197279867 4.1648707922 5.5267526057
mean 9 8.3860327700 1.4659777890 7.8824763985 8.5398424110 1.4362365497 4.4695066489 9.4817858283 0.8242111924 7.4652840478
median 13 1.7434387279 4.7041817845 6.3063957897 0.4156336220 8.6298445216 0.5622704436 2.1987658616 8.5588099585 0.2296990157 4.6886178545 5.5238681106 1.2262920646 9.1650673715
median 7 0.6701980422 7.1605063066 2.2243452398 4.9253037693 3.5851031366 2.2388682735 4.2026054776
median 19 7.9336879341 7.3283017920 9.5734104380 7.7829918028 3.2086014690 5.2452616776 0.3212585234 8.3887034460 1.6208484928 9.1421185423 5.0314009811 6.3992326330 3.1505909653 7.2677198038 5.1638489389 0.6498606133 9.7482350247 3.2393992609 9.3309701174
median 7 0.3499264485 6.7156531497 5.3531466884 2.8396132275 8.1079095627 6.6731561428 2.8845497436
median 11 0.0350240993 8.3687479386 6.4811609347 6.7582512130 7.1239514470 5.5064694853 0.1257514518 3.9832876429 9.9256465811 1.1316810634 9.4296056270
mean 11 0.5577178141 4.3387516432 6.9983530106 1.9566086665 7.1623478379 5.0057573552 9.7793572718 6.9481409593 0.9446763635 5.4590833707 4.6006781278
